1 2655
2 2803.333
3 3868.333
4 5858.667
5 5125.667
1 2363
2 2471.333
3 3439
4 4639
5 3614.333
1 0 84.667 356.333 2001.333 554.333
2 0 89.333 122.667 2199 586
3 1 76.667 719.667 2956.667 735.667
4 1151.333 78 523 4782.333 936
5 1631.333 62.333 810.667 4193.333 772.333
1 0 80.667 641 1737 537.333
2 0 88.333 455.333 1834.333 619.667
3 81 82 1033.667 2567.333 708.667
4 1926.333 81.333 930 3665 866.333
5 2467.333 56 1476.667 2674 791.667
1 4264.67
2 4008.67
3 6795.33
4 9047.67
5 8595
1 4658.33
2 4478
3 7182
4 8595.33
5 8430.67
